================================================================================
FINAL PERFORMANCE SUMMARY
================================================================================
Best Test Accuracy: 97.1600%
Final Test Accuracy: 97.1600%
Final Test Loss: 0.167889
Total Parameters: 160,330
Training Time: 5 epochs
================================================================================

========================================================================================================================
COMPREHENSIVE PERFORMANCE METRICS
========================================================================================================================
       Class  Precision  Recall  F1-Score  Specificity  Accuracy  Balanced Acc    MCC  Error Rate  Avg Confidence  Support   TP  FP  FN    TN
           0     0.9561  0.9786    0.9672       0.9951    0.9935        0.9868 0.9637      0.0065          0.8707      980  959  44  21  8976
           1     0.9912  0.9877    0.9894       0.9989    0.9976        0.9933 0.9881      0.0024          0.9425     1135 1121  10  14  8855
           2     0.9728  0.9690    0.9709       0.9969    0.9940        0.9829 0.9675      0.0060          0.8923     1032 1000  28  32  8940
           3     0.9681  0.9911    0.9795       0.9963    0.9958        0.9937 0.9772      0.0042          0.9211     1010 1001  33   9  8957
           4     0.9837  0.9847    0.9842       0.9982    0.9969        0.9915 0.9825      0.0031          0.9264      982  967  16  15  9002
           5     0.9420  0.9462    0.9441       0.9943    0.9900        0.9702 0.9386      0.0100          0.8336      892  844  52  48  9056
           6     0.9739  0.9749    0.9744       0.9972    0.9951        0.9861 0.9717      0.0049          0.9007      958  934  25  24  9017
           7     0.9807  0.9883    0.9845       0.9978    0.9968        0.9930 0.9827      0.0032          0.8960     1028 1016  20  12  8952
           8     0.9756  0.9456    0.9604       0.9975    0.9924        0.9715 0.9563      0.0076          0.8748      974  921  23  53  9003
           9     0.9665  0.9445    0.9554       0.9963    0.9911        0.9704 0.9505      0.0089          0.8961     1009  953  33  56  8958
   Macro Avg     0.9711  0.9711    0.9710       0.9969    0.9943        0.9840 0.9679      0.0057          0.8954    10000 9716 284 284 89716
Weighted Avg     0.9717  0.9716    0.9716       0.9969    0.9944        0.9843 0.9685      0.0056          0.8968    10000 9716 284 284 89716

============================================================
CONFUSION MATRIX
============================================================
Rows: True Labels | Columns: Predicted Labels
[[ 959,    0,   10,    0,    0,    0,    9,    0,    0,    2],
 [   1, 1121,    7,    2,    0,    0,    2,    2,    0,    0],
 [  18,    0, 1000,    4,    2,    0,    0,    7,    0,    1],
 [   0,    0,    1, 1001,    0,    4,    0,    4,    0,    0],
 [   2,    3,    0,    0,  967,    0,    2,    0,    0,    8],
 [   4,    0,    2,   22,    0,  844,    0,    1,   13,    6],
 [  12,    2,    0,    0,    0,    1,  934,    0,    9,    0],
 [   0,    1,    7,    0,    1,    0,    0, 1016,    0,    3],
 [   3,    0,    1,    4,    1,   21,   10,    0,  921,   13],
 [   4,    4,    0,    1,   12,   26,    2,    6,    1,  953]]
